category:0 gamma: 0.6019766480019733
category:1 gamma: 0.36175504427411015
category:2 gamma: 0.45334783498585995
